Trimming down the linelist to only lines within segments for faster fitting
Finished trimming linelist
Fitting ../input_files/observed_spectra/UVES_Sun-1_cleaned_norm.txt
Teff = 5771.0; logg = 4.44; RV = 0.0
-1.0 0.5 21.50471524857337
0.5 1.0 14.608101561911143
-1.5 -0.5 37.55528265604355
1.0 2.0 69.1415179208828
-0.875 0.125 17.392279812677543
0.625 0.625 19.933029114866322
0.21875 0.59375 3.4629315806579557
1.59375 1.46875 142.69577600552162
-0.2578125 0.4609375 3.3036194690190444
-0.5390625 0.0546875 8.514869998098515
-0.279296875 0.291015625 3.4229004180684037
-0.755859375 0.158203125 14.195813089819662
-0.02490234375 0.48486328125 1.3839354147869145
-0.00341796875 0.65478515625 1.7955878639664624
0.2294921875 0.6787109375 3.9304697005128943
-0.135986328125 0.515380859375 2.0407183904624846
0.107666015625 0.624267578125 2.150794503819994
-0.0750732421875 0.5426025390625 1.6965175510923547
-0.0965576171875 0.3726806640625 1.527117295166692
-0.04638671875 0.31494140625 1.225405928516636
-0.03204345703125 0.20111083984375 1.1137643658389522
0.03961181640625 0.31329345703125 1.1757571723478462
0.032470703125 0.029541015625 1.1767440717363506
0.01812744140625 0.14337158203125 1.0876224219377366
-0.05352783203125 0.03118896484375 1.2436462207589378
0.016326904296875 0.242767333984375 1.094645859232838
0.066497802734375 0.185028076171875 1.2248120839143626
-0.00740814208984375 0.19709014892578125 1.0815961311668296
-0.00560760498046875 0.09769439697265625 1.1049286068159392
0.010843276977539062 0.2064990997314453 1.0771050212358462
-0.014692306518554688 0.26021766662597656 1.1006831909134118
0.009922504425048828 0.17258310317993164 1.0754458364379935
Optimization terminated successfully.
         Current function value: 1.075446
         Iterations: 17
         Function evaluations: 32
[0.0099225 0.1725831]