;
 5260.387  5260.163 5260.583  
 5261.704  5261.53  5261.9
 5512.980  5512.7   5513.2
 5581.965  5581.7   5582.2
 5588.749  5588.45  5589.06
 5590.114  5589.8   5590.4
 5867.562  5867.3   5867.8
 6102.723  6102.4   6102.95
 6122.217  6121.85  6122.5
 6156.023  6155.78  6156.24
 6162.173  6161.67  6162.5
 6166.439  6166.1   6166.7
 6169.042  6168.67  6169.3
 6169.563  6169.3   6169.8
 6439.075  6438.8   6439.49
 6455.598  6455.25  6455.88
 6471.662  6471.40  6471.95
 6493.781  6493.4   6494.0
 6499.650  6499.30  6499.99
