;
; 4758.118  4757.88  4758.32   22.01
; 4759.270  4759.07  4759.49  22.01
; 4798.521  4798.36  4798.6   22.02
; 4865.6114 4865.32  4865.92  22.02
; 4874.0095 4873.84  4874.18  22.02
; 4911.193  4910.96  4911.35  22.02
; 4913.614  4913.38  4913.80  22.01
; 4915.229  4915.04  4915.45  22.01
; 4926.148  4925.9   4926.5   22.01
; 4981.355  4981.0   4981.55   22.02
; 4981.731  4981.55  4981.97   22.01
; 4997.096  4996.91  4997.35   22.01
; 4999.503  4999.26  4999.82   22.01
; 5005.157  5004.9   5004.4    22.02
 5009.645  5009.3   5009.86   22.01
 5016.161  5015.9   5016.36   22.01
 5024.844  5024.55  5025.01   22.01
 5113.440  5113.29  5113.65  22.01
 5145.460  5145.26  5145.65   22.01
 5147.478  5147.25  5147.64   22.01
 5152.184  5152.03  5152.40   22.01
 5210.385  5210.07   5210.6   22.02
 5211.5304 5211.36  5211.70  22.02
 5219.702  5219.4   5219.82  22.01
 5295.775  5295.52  5295.96  22.01
 5336.771  5336.55  5337.05  22.02
 5338.305  5338.13  5338.41  22.01
 5366.639  5366.39  5366.75  22.01
 5381.015  5380.83  5381.27  22.02
 5384.630  5384.38  5384.77  22.01
 5418.751  5418.53  5418.95  22.02
 5426.250  5426.0   5426.50  22.01
 5460.499  5460.2   5460.69  22.01
 5490.148  5489.9   5490.4   22.01
; 5490.690  5490.3   5490.8   22.02
 5490.846  5490.8   5491.05  22.01
 5662.150  5661.9   5662.32  22.01
 5689.460  5689.25  5689.7   22.01
 5702.656  5702.47  5702.9   22.01
 5716.445  5716.2   5716.7   22.01
 5866.451  5866.2   5866.7   22.01
 5903.315  5903.0   5903.62  22.01
 5918.535  5918.2   5918.83  22.01
 5922.109  5921.9   5921.4   22.01
 5937.809  5937.5   5938.1   22.01
 5953.160  5952.9   5953.46  22.01
 5965.828  5965.6   5966.1   22.01
 5978.541  5978.24  5978.76  22.01
 6064.626  6064.3   6064.82  22.01
 6091.171  6090.83  6091.48  22.01
 6092.792  6092.5   6092.96  22.01
 6126.216  6125.9   6126.5   22.01
 6258.102  6257.8   6258.4   22.01
 6261.098  6260.77  6261.47  22.01
 6312.236  6312.0   6312.5   22.01
 6336.099  6335.8   6336.38  22.01
 6395.472  6395.27  6395.65  22.01
 6554.223  6554.0   6554.5   22.01
 6556.062  6555.8   6556.3   22.01
 6599.105  6598.8   6599.43  22.01
