;
 4757.  4762.
 4797.  4803.
 4865.  4878.
 4910.  4916.
 4924.5 4927.
 4980.5 4985.
 4996.  5004.
 5008.  5012.
 5015.  5026.
 5112.5 5115.
 5144.  5153.
 5210.  5223.
 5293.  5297.
 5334.  5339.
 5363.  5369.
 5378.  5388.
 5416.5 5423.
 5457.  5466.
 5486.  5495.5
 5660.  5666.
 5688.  5693.
 5699.  5705.
 5713.  5718.
 5865.  5869.
 5902.  5907.
 5916.5 5923.
 5935.  5939.
 5950.  5954.
 5964.  5968.
 5976.  5981.
 6062.  6067.
 6089.5 6095.
 6124.  6131.
 6255.  6265.
 6309.  6314.
 6334.  6338.5
 6391.  6397.
 6551.  6557. 
 6595.  6601.
