# line mask 
# Fe I lines
  4808.148  4807.97   4808.33   FeI
  5141.739  5141.4    5142.0    FeI
  5217.389  5217.0    5217.56   FeI
  5242.491  5242.3    5242.7    FeI
  5247.050  5246.885  5247.21   FeI
  5324.179  5323.65   5324.6    FeI
  5364.871  5364.6    5365.2    FeI
  5365.399  5365.1    5365.7    FeI
  5367.467  5367.35   5367.67   FeI
  5379.574  5379.23   5379.89   FeI
  5383.369  5383.08   5383.6    FeI
  5386.334  5386.1    5386.6    FeI
  5398.279  5398.1    5398.45   FeI
  5415.199  5414.95   5415.46   FeI
  5441.339  5441.120  5441.58   FeI
  5445.042  5444.9    5445.2    FeI
  5501.465  5501.115  5501.672  FeI
  5506.779  5506.6    5507.05   FeI
  5543.936  5543.622  5544.13   FeI
  5560.212  5560.0    5560.36   FeI
  5569.618  5569.33   5569.87   FeI
  5576.089  5575.8    5576.3    FeI
  5638.262  5637.913  5638.518  FeI
  5651.469  5651.278  5651.665  FeI
  5661.346  5661.152  5661.615  FeI
  5679.023  5678.770  5679.411  FeI
  5696.090  5695.95   5696.2    FeI
  5705.465  5705.3    5705.70   FeI
  5731.762  5731.5    5732.012  FeI
  5732.296  5732.110  5732.49   FeI
  5741.848  5741.6    5742.0    FeI
  5855.077  5854.830  5855.3    FeI
  5858.778  5858.6    5859.0    FeI
  5883.817  5883.6    5884.05   FeI
  5905.672  5905.480  5905.86   FeI
  5927.789  5927.615  5927.968  FeI
  5930.180  5929.98   5930.485  FeI
  5956.694  5956.442  5956.935  FeI
  6024.058  6023.8    6024.35   FeI
  6027.051  6026.8    6027.25   FeI
  6056.005  6055.66   6056.2    FeI
  6093.644  6093.45   6093.8    FeI
  6151.618  6151.34   6151.91   FeI
  6165.360  6165.0    6165.7    FeI
  6173.336  6173.1    6173.7    FeI
  6187.990  6187.71   6188.302  FeI
  6219.281  6218.985  6219.502  FeI
  6246.319  6246.1    6246.857  FeI
  6252.555  6252.15   6253.0    FeI
  6265.134  6264.9    6265.4    FeI
  6270.225  6270.037  6270.565  FeI
  6297.793  6297.557  6298.038  FeI
  6301.501  6301.25   6301.8    FeI
  6322.685  6322.45   6323.0    FeI
  6330.850  6330.6    6331.1    FeI
  6335.331  6334.960  6335.655  FeI
  6336.824  6336.500  6337.15   FeI
  6393.601  6393.3    6394.03   FeI
  6411.649  6411.264  6412.0    FeI
  6430.846  6430.538  6431.35   FeI
  6481.870  6481.61   6482.086  FeI
  6498.939  6498.630  6499.157  FeI
  6518.367  6518.080  6518.58   FeI
  6593.870  6593.6    6594.2    FeI
  6699.142  6698.924  6699.463  FeI
  6713.745  6713.440  6714.192  FeI
  6739.522  6739.307  6739.854  FeI
  6750.153  6749.7    6750.4    FeI
# Fe II lines
  4923.927   4923.7   4924.14   FeII
  4993.358   4993.15  4994.51   FeII
  5234.625   5234.4   5234.85   FeII
  5264.625   5264.3   5264.95   FeII
  5316.615   5316.3   5317.34   FeII
  5316.784   5316.3   5317.34   FeII
  5325.553   5325.4   5325.8    FeII
  5414.073   5413.88  5414.3    FeII
  5425.257   5424.985 5425.44   FeII
  5991.376   5991.15  5991.55   FeII
  6084.111   6083.93  6084.33   FeII
  6369.462   6369.2   6369.7    FeII
  6432.680   6432.385 6433.02   FeII
  6456.383   6456.09  6456.67   FeII
