;
4861.900 4850.0     4850.88     1.01 
4861.900 4858.5     4858.8      1.01
4861.900 4860.45    4860.72     1.01
4861.900 4862.8     4863.05     1.01
4861.900 4867.0     4867.2      1.01
4861.900 4872.85    4872.9      1.01
4861.900 4876.85    4877.35     1.01
4861.900 4879.3     4879.75     1.01
5172.684 5170.23    5170.34    12.01
5172.684 5171.15    5171.37    12.01
5172.684 5171.84    5172.16    12.01
5172.684 5172.95    5173.144   12.01
5172.684 5173.95    5174.2     12.01
5183.604 5182.785   5183.215   12.01
5183.604 5183.94    5184.04    12.01
5183.604 5184.32    5184.45    12.01
5183.604 5185.11    5185.614   12.01
6546.238 6545.8     6546.6     26.01
6554.223 6553.84    6554.67    22.01
6556.062 6555.77    6556.22    22.01
6562.79  6561.1     6561.35     1.01
6562.79  6561.7     6561.9      1.01
6562.79  6564.35    6564.7      1.01
6562.79  6566.37    6566.8      1.01
6562.79  6567.70    6568.2      1.01
6581.209 6580.985   6581.48    26.01
