Trimming down the linelist to only lines within segments for faster fitting
Finished trimming linelist
Fitting ../input_files/observed_spectra/UVES_Sun-1_cleaned_norm.txt
Teff = 5771.0; logg = 4.44; RV = 0.0
-1.0 0.5 67.6032860024746 0.9
0.4 1.0 69.12843600078611 0.9
-1.5 -0.5 138.44333940754265 0.9
0.9 2.0 9999.9999 0.9
-0.9 0.125 60.769768399852374 0.9
-2.3 -0.375 206.45771604224848 0.9
-0.27499999999999997 0.65625 13.124703166756108 0.9
-0.17500000000000004 0.28125 8.752490069522677 0.9
0.23749999999999982 0.171875 12.886321838782854 0.9
0.45 0.8125 33.97610853491942 0.9
0.11249999999999999 0.640625 8.712917156133672 0.9
0.2124999999999999 0.265625 11.11376836987624 0.9
0.09062499999999994 0.36328125 7.0358672736399575 0.9
0.378125 0.72265625 25.34639379615686 0.9
-0.036718750000000036 0.3916015625 6.134437099292499 0.9
-0.05859375000000008 0.1142578125 6.681036389990875 0.9
-0.18593750000000006 0.142578125 9.352534749516572 0.9
0.02148437499999994 0.30810546875 6.094969893799717 0.9
0.04335937499999999 0.58544921875 7.050262733067647 0.9
-0.03310546875000007 0.2320556640625 6.12170219433955 0.9
0.02509765624999991 0.1485595703125 6.48363554117711 0.9
-0.02126464843750005 0.330841064453125 6.0101817066174945 0.9
0.03332519531249996 0.406890869140625 6.248646891770694 0.9
-0.01649780273437506 0.27576446533203125 6.030789507630279 0.9
-0.05924682617187506 0.29850006103515625 6.2421484568676515 0.9
0.001301574707031192 0.30570411682128906 6.01780284603732 0.9
-0.003465270996093797 0.3607807159423828 6.033283922258836 0.9
-0.013239669799804744 0.29701852798461914 6.004178871143683 0.9
Optimization terminated successfully.
         Current function value: 6.004179
         Iterations: 14
         Function evaluations: 28
[-0.01323967  0.29701853]
Total runtime was 30.88 minutes.