Trimming down the linelist to only lines within segments for faster fitting
Finished trimming linelist
Fitting ../input_files/observed_spectra/UVES_Sun-1_cleaned_norm.txt
Teff = 5771.0; logg = 4.44; RV = 0.0
-1.0 0.5 20.568937004806575
0.5 1.0 16.778039455022288
-1.5 -0.5 37.01234995611269
1.0 2.0 76.24621914712614
-0.875 0.125 16.365424321578075
0.625 0.625 22.542087451650342
-0.59375 0.53125 8.883015865163545
-1.96875 -0.34375 50.07420501449435
-0.1171875 0.6640625 1.9308246105399292
0.1640625 1.0703125 5.569645985831055
0.640625 1.203125 27.61962768994616
-0.28515625 0.69921875 3.571823438737905
-0.56640625 0.29296875 8.171663446242025
-0.0185546875 0.8759765625 2.6792309995149313
0.1494140625 0.8408203125 3.9955521029614185
-0.176513671875 0.734619140625 2.536525496205553
-0.275146484375 0.522705078125 3.000154039737826
-0.08270263671875 0.78765869140625 2.2604850609459732
-0.02337646484375 0.71710205078125 1.9894310091148637
-0.057861328125 0.593505859375 1.5611916053633204
-0.045440673828125 0.496429443359375 1.3111957755865415
-0.139251708984375 0.443389892578125 1.5049816869287358
-0.0675048828125 0.2757568359375 1.0345283195459063
-0.04266357421875 0.08160400390625 1.0132328593365256
0.0511474609375 0.1346435546875 1.263112525437613
0.053924560546875 -0.280181884765625 2.072790103192975
-0.020599365234375 0.302276611328125 1.0363148180154365
-0.114410400390625 0.249237060546875 1.1428198508962448
-0.07302093505859375 0.22058868408203125 1.0101455644115769
-0.09508514404296875 -8.392333984375e-05 1.2153766529321923
-0.03922080993652344 0.2266864776611328 0.9800717049608414
-0.06957817077636719 0.36567115783691406 1.1165022827393507
-0.0493922233581543 0.15262079238891602 0.9820333312033147
-0.015592098236083984 0.15871858596801758 0.9899280383142537
-0.029949307441711426 0.174186110496521 0.9776446869851712
-0.019777894020080566 0.2482517957687378 1.0013581684673596
-0.041988641023635864 0.17652854323387146 0.9744591243137376
-0.03271713852882385 0.12402817606925964 0.9910385454709295
-0.03759489208459854 0.20102190226316452 0.9750583137649362
Optimization terminated successfully.
         Current function value: 0.974459
         Iterations: 21
         Function evaluations: 39
[-0.04198864  0.17652854]