Trimming down the linelist to only lines within segments for faster fitting
Finished trimming linelist
Fitting ../input_files/observed_spectra/UVES_Sun-1_cleaned_norm.txt
Teff = 5771.0; logg = 4.44; RV = 0.0
-1.0 0.5 62.938449350135535 0.9
0.4 1.0 37.92842972894931 0.9
-1.5 -0.5 132.9071446607463 0.9
0.9 2.0 9999.9999 0.9
-0.9 0.125 56.43992668558783 0.9
0.5 0.625 45.22092086553346 0.9
1.8 1.5 9999.9999 0.9
-0.225 0.46875 8.85586755804808 0.9
-0.32499999999999996 0.84375 14.512976206614207 0.9
-0.95 0.3125 60.93206814290383 0.9
0.06250000000000003 0.828125 10.598936985232655 0.9
0.16249999999999998 0.453125 11.449167551831131 0.9
0.040624999999999994 0.55078125 7.625419571848571 0.9
-0.24687500000000004 0.19140625 9.519031649310636 0.9
-0.16953125000000002 0.3505859375 7.1015014069761815 0.9
0.09609374999999998 0.4326171875 8.794065890837425 0.9
0.015820312499999975 0.441650390625 6.767001360976623 0.9
-0.19433593750000003 0.241455078125 7.649800714705566 0.9
-0.01811523437500001 0.47344970703125 6.352707105149498 0.9
0.167236328125 0.56451416015625 12.470022340260304 0.9
-0.08533935546875002 0.4040679931640625 6.050707257866489 0.9
-0.11927490234375 0.4358673095703125 6.389083853893638 0.9
-0.08550109863281252 0.4373130798339844 6.122296356684249 0.9
-0.15272521972656253 0.3679313659667969 6.723935934083181 0.9
-0.05176773071289064 0.4470701217651367 6.091621530619624 0.9
-0.05160598754882814 0.41382503509521484 6.01013023453309 0.9
-0.03465843200683594 0.4020810127258301 6.082918558222998 0.9
-0.08517761230468751 0.3708229064941406 6.0031847678938455 0.9
-0.10188255310058596 0.3326992988586426 6.056089328607175 0.9
Optimization terminated successfully.
         Current function value: 6.003185
         Iterations: 15
         Function evaluations: 29
[-0.08517761  0.37082291]
Total runtime was 27.69 minutes.